1.000000 0.650466 0.009140 0.053166 0.020763 0.086702 0.103558 0.016395 0.038398 0.006989 0.014422
1.000000 0.841654 0.005583 0.018978 0.018209 0.050489 0.022630 0.005120 0.020859 0.005896 0.010581
1.000000 0.638813 0.012654 0.026316 0.026401 0.113927 0.076079 0.010359 0.066770 0.008491 0.020192
1.000000 0.718244 0.008981 0.031020 0.019902 0.046120 0.107837 0.010403 0.039848 0.006840 0.010805
1.000000 0.682297 0.008045 0.050094 0.016452 0.033793 0.144387 0.016064 0.031290 0.006386 0.011192
2.000000 0.016634 0.836434 0.006271 0.012193 0.007568 0.024948 0.010338 0.041337 0.026604 0.017673
2.000000 0.018768 0.754423 0.009066 0.020725 0.010117 0.033882 0.014956 0.063634 0.051110 0.023320
2.000000 0.024253 0.718710 0.009872 0.026281 0.010430 0.037080 0.013709 0.073395 0.062222 0.024048
2.000000 0.027333 0.649099 0.012259 0.032031 0.013019 0.046659 0.017063 0.098382 0.072648 0.031507
2.000000 0.042525 0.289811 0.022225 0.069857 0.019979 0.083972 0.028128 0.240169 0.148977 0.054356
3.000000 0.028400 0.020223 0.256922 0.108702 0.061824 0.046684 0.029438 0.239904 0.060976 0.146927
3.000000 0.020606 0.012174 0.596366 0.043242 0.058501 0.042489 0.047150 0.054720 0.018662 0.106089
3.000000 0.031875 0.008658 0.563421 0.022869 0.064807 0.068866 0.160761 0.023114 0.008458 0.047172
3.000000 0.018930 0.009851 0.731839 0.029492 0.032809 0.053509 0.038149 0.031276 0.012533 0.041612
3.000000 0.030087 0.007626 0.723267 0.028074 0.077621 0.037689 0.023479 0.032715 0.009390 0.030051
4.000000 0.011920 0.024476 0.017172 0.707650 0.013879 0.012791 0.026567 0.060018 0.068694 0.056832
4.000000 0.010783 0.020068 0.013365 0.793248 0.010793 0.009314 0.021467 0.032181 0.049578 0.039202
4.000000 0.014503 0.012301 0.019877 0.837935 0.010436 0.014423 0.009566 0.028758 0.034403 0.017798
4.000000 0.011878 0.010712 0.022093 0.831596 0.010160 0.014014 0.008096 0.038272 0.035853 0.017326
4.000000 0.012320 0.016155 0.018724 0.788054 0.009689 0.015348 0.010004 0.041668 0.068205 0.019832
5.000000 0.013561 0.005805 0.035432 0.020828 0.802672 0.004911 0.042826 0.015630 0.005690 0.052645
5.000000 0.026037 0.006524 0.037466 0.021287 0.559492 0.008408 0.136119 0.015656 0.005013 0.183997
5.000000 0.034417 0.006114 0.173287 0.017818 0.636316 0.033536 0.023685 0.038455 0.006456 0.029915
5.000000 0.026583 0.007658 0.262100 0.029261 0.472833 0.039120 0.072756 0.029093 0.008804 0.051791
5.000000 0.040049 0.007024 0.233164 0.024932 0.449315 0.034857 0.138400 0.022547 0.006866 0.042845
6.000000 0.027661 0.022560 0.031893 0.025504 0.017657 0.684933 0.034446 0.060250 0.017849 0.077247
6.000000 0.028725 0.006631 0.089038 0.020958 0.017035 0.757189 0.031631 0.020852 0.008654 0.019289
6.000000 0.043665 0.053981 0.030528 0.048260 0.019126 0.400061 0.032027 0.256588 0.050383 0.065383
6.000000 0.048584 0.019421 0.035368 0.027551 0.035586 0.598184 0.026307 0.126529 0.016557 0.065912
6.000000 0.051768 0.015578 0.036483 0.021659 0.034309 0.699719 0.020495 0.063596 0.012833 0.043559
7.000000 0.010153 0.012361 0.037716 0.041481 0.022088 0.013228 0.580822 0.024025 0.018925 0.239202
7.000000 0.010085 0.006232 0.032008 0.019269 0.029048 0.011174 0.824689 0.011366 0.006367 0.049761
7.000000 0.018866 0.006042 0.031164 0.020031 0.139991 0.010344 0.667791 0.016687 0.005270 0.083813
7.000000 0.012332 0.005755 0.022175 0.017360 0.032011 0.011316 0.856840 0.009657 0.005316 0.027238
7.000000 0.008849 0.007202 0.023632 0.020981 0.017841 0.009257 0.853619 0.011111 0.007994 0.039514
8.000000 0.049577 0.019041 0.027526 0.038471 0.022784 0.083607 0.032966 0.639000 0.013739 0.073290
8.000000 0.025572 0.025408 0.033796 0.040517 0.016936 0.070057 0.033134 0.597103 0.023801 0.133676
8.000000 0.027032 0.032857 0.024189 0.050875 0.016830 0.054326 0.035162 0.622882 0.030119 0.105727
8.000000 0.035240 0.024099 0.023886 0.044227 0.017544 0.059915 0.029436 0.671340 0.019201 0.075112
8.000000 0.043341 0.015439 0.068131 0.048454 0.040183 0.080448 0.026469 0.577287 0.016768 0.083481
9.000000 0.016171 0.042620 0.021610 0.128299 0.015381 0.031258 0.016492 0.076991 0.619938 0.031239
9.000000 0.010179 0.035426 0.012840 0.061973 0.010295 0.018345 0.013724 0.036603 0.778491 0.022124
9.000000 0.010339 0.027172 0.020183 0.085199 0.013902 0.019713 0.015429 0.043409 0.737741 0.026913
9.000000 0.013929 0.033811 0.020632 0.105901 0.013912 0.027000 0.015519 0.063501 0.677795 0.028002
9.000000 0.012427 0.048697 0.015370 0.082446 0.012619 0.025338 0.017849 0.061850 0.694025 0.029380
10.000000 0.008674 0.010008 0.005197 0.011043 0.010324 0.006616 0.369710 0.010802 0.005355 0.562272
10.000000 0.015046 0.019916 0.015932 0.042930 0.020814 0.010570 0.077714 0.036606 0.021009 0.739465
10.000000 0.012612 0.009695 0.024098 0.028549 0.028674 0.007363 0.179967 0.020570 0.012126 0.676345
10.000000 0.011658 0.008041 0.097751 0.024971 0.034094 0.010982 0.108547 0.021554 0.010412 0.671990
10.000000 0.013652 0.005810 0.029073 0.011069 0.102084 0.009366 0.055427 0.018733 0.004078 0.750709
